
# Conjunto de datos para correlacion --------------------------------------

#26/09/2023


# Crear la base de datos  -------------------------------------------------

x <- c(8, 8, 8, 8, 8, 8, 8, 19, 8, 8, 8)
y <- c(6.58, 5.76, 7.71, 8.84, 8.47, 7.04, 5.25, 12.50, 5.56, 7.91, 6.8)




